Time Length Sequence number Acknowledgment number 
0.023172    62     0               1
0.053937    60     1               566
0.077294    60     1               2026
0.124085    60     1               3486
0.169118    60     1               4946
0.217299    60     1               6406
0.267802    60     1               7866
0.304807    60     1               9013
0.356437    60     1               10473
0.400164    60     1               11933
0.448613    60     1               13393
0.500029    60     1               14853
0.545052    60     1               16313
0.576417    60     1               17205
0.626496    60     1               18665
0.672796    60     1               20125
0.730684    60     1               21585
0.772990    60     1               23045
0.820622    60     1               24505
0.853186    60     1               25397
0.899423    60     1               26857
0.949545    60     1               28317
0.994715    60     1               29777
1.039820    60     1               31237
1.117097    60     1               33589
1.200421    60     1               35049
1.265026    60     1               37969
1.362074    60     1               40889
1.389886    60     1               41781
1.488313    60     1               44701
1.584980    60     1               47621
1.661513    60     1               49973
1.758227    60     1               52893
1.860063    60     1               55813
1.930880    60     1               58165
2.029069    60     1               61085
2.126682    60     1               64005
2.203195    60     1               66357
2.311413    60     1               69277
2.404228    60     1               72197
2.476576    60     1               74549
2.576633    60     1               77469
2.672045    60     1               80389
2.747257    60     1               82741
2.847009    60     1               85661
2.944420    60     1               88581
3.020822    60     1               90933
3.117302    60     1               93853
3.216127    60     1               96773
3.291672    60     1               99125
3.388926    60     1               102045
3.485275    60     1               104965
3.562531    60     1               107317
3.660330    60     1               110237
3.768417    60     1               113157
3.840483    60     1               115509
3.936967    60     1               118429
4.031145    60     1               121349
4.107455    60     1               123701
4.205521    60     1               126621
4.300300    60     1               129541
4.379826    60     1               131893
4.476833    60     1               134813
4.575928    60     1               137733
4.648167    60     1               140085
4.747988    60     1               143005
4.844598    60     1               145925
4.920051    60     1               148277
5.019189    60     1               151197
5.125019    60     1               154117
5.197286    60     1               156469
5.297257    60     1               159389
5.389471    60     1               162309
5.447887    60     1               164041
5.455830    60     1               164091
5.461175    784    1               164091
